0 1
0 2
64 3
0 4
33 5
51 6
0 7
65 8
0 9
144 10
0 11
82 12
0 13
0 14
0 15
0 16
16 17
19 18
0 19
124 20
0 21
123 22
0 23
0 24
26 25
0 26
29 27
27 28
0 29
0 30
23 31
0 32
0 33
0 34
142 35
0 36
36 37
0 38
128 39
0 40
0 41
53 42
0 43
93 44
150 45
0 46
111 47
49 48
43 49
0 50
0 51
75 52
41 53
0 54
0 55
0 56
30 57
11 58
0 59
0 60
0 61
0 62
62 63
1 64
145 65
0 66
69 67
0 68
0 69
0 70
0 71
73 72
74 73
0 74
0 75
0 76
0 77
77 78
0 79
21 80
0 81
13 82
0 83
0 84
0 85
0 86
50 87
91 88
90 89
0 90
0 91
143 92
0 93
0 94
94 95
0 96
0 97
97 98
81 99
101 100
102 101
0 102
0 103
0 104
0 105
105 106
106 107
0 108
0 109
79 110
0 111
103 112
108 113
115 114
0 115
117 116
0 117
0 118
118 119
0 120
56 121
46 122
0 123
0 124
126 125
0 126
0 127
0 128
0 129
131 130
0 131
0 132
0 133
0 134
134 135
32 136
138 137
0 138
58 139
146 140
44 141
0 142
0 143
129 144
0 145
9 146
68 147
59 148
0 149
0 150
